$ANSIBLE_VAULT;1.1;AES256
36346537643263626535313234303338616461373035343239653034393035613330363238643065
3036363938653238346166336339303330623133303738380a383362653534356433643362663235
63373931353634633937313166383231613535373936643038353961356431633335333161336130
3966646130303534360a376235346362393539373662623062303132333234376164353062323930
39323732643963333164313936323239663434366563626236376333646435363730326338353831
64643366376232386634666434663763376163343730643666353163306135393332636665656134
30333135353935633434356534653363633238656563373935636462623137383237333138663237
37346362323036333064383439383833343235383064663463373935646536356564313966663361
31656465373837313363326339343834333763306261616663666531653438363663336334343064
63376363326266313839616662376134316438363637666638333964393331626666323862323264
31373663346666633037626538323762346666653335373532656438316464663937343232373338
31313562373931646161383964303964656465643232646361346563646262366131323433393839
35653138363532626261393262663339376137653663666134303962303261343864663135303631
31356433313131326131636363623731663965346138616166383961653663313634366439623533
36396164383662373465343562346230343561386162613663336532323831353462356663656562
61636437376662663166316232616232396563656536346332613864323665356230363462613761
34333434663836343562643664373633323663646264643062366561376136373537653264623235
36386562616234613663326562366432323635313531663334383865303532366561366438613035
35623137393639356462353131326165626437396162323130313464623935313964656130623961
62343434643261393163643463346562323939306362333831376332636435336338623032643630
36646663663939613762613265653864373937393664306266343834373035326164313963383438
63636538343861613539313161366263646134643666393035323164363062316666303562363065
64626330393537396362633533353035306166643632303064373866343831336235363463366465
63353631643962323935393265323736653061666339393765666261656430653639363465333033
62353733656436386337366333656235363163623837616266306136323932623336353431616165
62373132643464363337393266626362306437646433623030616361323965383939363638306430
63653632613930343365373164386564323063383365363033313863646539646365623731323233
35356562353663646433346263303438303031393230663161356335663732643563666562333564
39646333336433353732323936383262626138376539316430636531643532323363306561396134
61666237393231653135653465323434663663656231363237633634373932666633353932326364
34333830363663363266383736303435386333313634636666383832616366666264386631393738
64373937666630353231393934306637666533303164303132353466373234653963636461653261
33383132366661656465376635353434323939353230396339663361326238396430643532613337
37363930613536613665343465333262636262666335663032383938613665663862346130616638
61663936376564343466373532313239666265323564666533643461653664333832613464326330
34656665663438666437633533393330353562653134653265396566626466303566386133386562
38326565623065366363336461336131636231373532313230383530643936316338613332336134
35303432383865323231386161313732336666353861383861663932623639306661353232633430
39626537343036363061363630323632653632316536326639393665353735393331343865653130
37376330613831323836663030623032663437623330366533616131323764383138636139663032
61623061303935306339313734643766333562326635633562616430336632643162303136383464
34613533396564626237363832323864343034316639393838653365656265653732613465353262
37613563393136303362366462363238643064626263623838396366393430633539393163633537
36326137633739376136303765393862313563336637326331613965343837636265366631616436
36393032666333643066323466356461326565333861663233386663373061666565636262616336
62613132373262363339656361623833356161383136353733623230363833316664343035313530
34376365663733653432613833303839303039663032646430383437633336656334663937353362
32373830383162613431333037396338383830353332613230653965353466643734376435306637
64373434353166643435343636366134353735366663353730306662623432666161306466643730
36646236626634383264336337313437383236613832316130626466656534613935663066336465
35396230643537633733656137623861383537346166616333333762306231343966383236663962
62326135336361626365623232373835633465313332633731353361373566353162393730306533
30373032383464616433326236383735333530343235633336653363613261666332663735316264
34663731326339363436333430373865343431326563313830393330386563653539613134373434
37393865616430393536343861623338363438396235363766326261313530646436663361373836
61633231633761333062313736656563323638616565373635383032393234376637336632613565
63653361646363643637383532303464643864356164616131656439653264303539376637636539
62323538393033356338353963636235323534326535656438323164663837396536666365363132
66323032353239656532636338613865636561353930656331316361333233613233363736326436
38393661353231346533643236643563323433393532313262623632623063653831646338333162
39343137663565303931363362393638343634303032613637663530393431383561383362613064
32396330313433353662303237363565313933343239313434623036626634393938653239656234
65396337366662633663626363356138313539346666623637666563666234646132663133643139
39316137303032613263396532323264363833616261633766386132663263643537376130616266
35366633326664623065316366336166653233356666613562653232663937333863333932396164
64616238613264626632383366666335346266343837333137366134373166663337373365356639
64376239646265636332613833393738613637313266396661633232613266343331623235323339
38393131303633346533393865336637363635643963373731643161633866613538376563626464
33656361396330336235643664376662373863653934356233346433303963623538393066316130
61313632366365383336323963653838613138336131376633333530636531396434656663633834
37356430643639343236323134623230656265373565646565316332613337663761666137636165
61656265633463626231373261663335623333366266646434363831396134376364386134646661
66623938646330353035656664623836353066346339353362656264623937393431623138643530
62343937326262363938666131373132363935343535626136663338363633633737306264643666
63303965336164353836663963326437316535643062363863393132656261663763376534626437
32623538343337343234613062653966626566303264353433663433383363313239636234616431
38623464393738356462616630653939396363393038366261383166646133323736356366383530
37613436396564626533653365393865636665366465623963303637666438623165633633336365
35333031626465613434666464313932633361633435323939386437616638373538646236343061
37313532653335336366363963616238393736386366383663306234316466653664353837663566
63336539643731353066613862333235313632646430636661323734623261396463326431333064
35626533633434643833343361326466373630376166383333393365353564393461646364366634
39313061363431653862636466633932643661313135663034633863356563613533633139316466
34643936636138313464623063633530656533323266663330646664353032613538336162346431
30383963663962333538613138616237616564356331303938363664646439376132633538343634
32373236353264653930316230333037393531636163343033383663656633653365363233353763
34313839663331376464646535613436313933313935643438623937653466666632363761653966
35326532386263326566623637633035643337666564633538663831623864643232393763393563
36373163636139353237623239313463376635626462346131383430623431303631656463393566
33646134653063633561643634613361613465623638396566353365336364386637376335376538
38343039346663306464356262626434303631333238643934623366623661343931666163303263
34353561326337333264626466316235336261633763373437653530306165386330313564653362
64626237373762646561623332366333373434656630376637326130613336333935393030663262
65666333376366396564613363323665316231643363366162303532326234333336353165396135
32386639653733366436373062636535383363353337303439316332323637376131643835623936
64346563653066643564356539623332613230303533316364663531663138396262383465383633
61353732313038333861346365313861656338313564333238346564646662373562393832383332
32393639353766383438333438323532613230326161373430363761633230363861303162396534
35346431303234663733313336373136656463613863393333393965613662323462656566376236
65633130393362323634326639353534326264393639316464306362373730333462336333633237
32626633346430326239373265373438646539343731383762623961613365616237616133313661
31336430343332663530343163313635633936303862653066393565336237363533376164386433
39386465366464613836383536383335333033366366643737303330636365306439383962663765
36396437636437646363383764363966373932653862656633333262323934393632306234306134
35346238613130386637663636666538326363306239333530663330656438373634303337636665
65356461623563663534333365626361336139326236643136303066616366393639653036386236
38643937626236333536333065663837616234313737616565643838343032356661306466656437
31316633333062333039336535366462623831616530303238633536336435383930633364356661
62303866383162643034626264336438383961653763633339366635383864363063663438623537
32313631316431613763616137653966373465363534666163376438393633373237616537633331
64343333306336313039303536656264633833323539613833666134316438643634396438326139
34636535643532643137663232636239323461616138666564386237623036633861333438323433
65316336363566653363663732326530623466393837626364303338663239373463373733356332
34356534386563303263643365653330313538323830363432323332303665333964306135313561
30393230643332373161386233633531376466323836623030383330306434656464383935633561
63383334383137363862383963633435383631323431633363323230636133373732353335303366
65346533643835343237653135353863356261376465386137653431643832323063653832393738
65666630663539393730363032373234333462626537663831626363353762343862303138373130
61333831643662306633303932386130653366303739636637343137373739643837306461616665
34613763636436633964623430626663303033353263363837623539633163663636666262356466
37343832333930313230636164386532353438313735613032313837633732636561613264363261
32326233663865343762393166613763366465333435313535326638633431376135616539616465
62663439383638346465626662376439356233363964656432393461303238626139663138663232
63646565313165616663383231343336376162666664373265616231636563323636343235633438
62616364623536633163613532323864633232666536343134623830616630653461373461616661
63383064313132326535356333663063623433326635383134643430643436396633383962346162
32326139303935616637393863663932333430343332336134623639353763326363333333346466
36626134356563353466316535353539396139393833313334353335373631313630653736623033
34653539313966356334323430393166303837643639353432616632653264333563636238383363
65616130383936333033346264613362316232356166616439383062326364393565656635623033
32343735303638396664386663653531306634663431383765613133666237316131396337356332
39373833343766623863333238376635373365363431626134633263613733316434386431626439
62316333306433343966303233326334326162646537356136366136373338613138643839323831
35353064626262366433663564663533653338643036663566633764636432633439363939653063
36653931316135336366646466643263396364396439336164363432316462326135373461326139
34646362613134313165326638393761373630613366326562613930323362633938386331663931
64653663353830396563353535386636646162623565386138636338666362613966333761616434
32656530633863363535376137386232313066356633343838376235333263633861373936656230
33393130346461343136663965333734373533643966663635616539396633393437343531633537
33396364616532303836653537316439643863666364653631396639343632616665316263666237
37663763333831653831343938663965653066333838356466623563636561373036386635343131
63323639376630353430616165333764366634656133303163306536613566386139316533643637
33666663336431653232386237366534373736343363313933303439633064396563323836356139
34303239303836663630373038396664643639633339636465353361363530643862623234333838
61366530306636333033653436333134353232376230333838393462386238366137663164666535
66356137366264333832303434633835633436613865346236383535383830353466353466366666
61393633613362316565306265646238666161623862643662633765626533303964333138613862
32336532356163396638306438616437303931633637323265646366373834623138633439663432
34386632643137373133343031356637396231313236656132633432643664383939366338363936
62323366356661643232643963623162636330376336393362626130363130323536643334356630
39613364373634316634303963343336363364333663336235343864363661393933626334393039
34313836393532343533353662663831393632666332303830363936343934643162383833386362
62643037353336363066656662663063353933333733666536353566386532653739653735353338
62313237356336313465653864656337396362323336363134386231353833613261623962626639
63303035636231323962396132636131323538636435376662663532343665666537356234333762
31643334346634656337306538626338376264303337323565383237346163353565353233646461
66343939363535373832333235366334623338333864306130663332303734643764393839396438
32373533396535646236363833366365623164656661616332616466323262386238356531376563
65323936663931343036303436376164663038373664646266663831626666623864323665343933
66316537626539326161653130663133633837616133303065326634383637326433626465663136
61323063643261626134353936653737663438356163383733316531356338616264383663613639
61373933376139323035346136636131313639626538373135336630343931633361306661383334
30306233643066333462353135636436373135353762333761653331396433343931663966616438
34353436313938396235366435663639383464396466316161323439303630383264386532306135
66366437303537613264623162613037343865346639633533653239303439666563346564663637
3537323637313433643861323761616633346363666363343430
