$ANSIBLE_VAULT;1.1;AES256
35363233343666366366626361363533376335373130353031643364643666656232383838326561
6639353836643163623739393162643735643966646665300a626562336235323934653364653862
32346365636263323164303839323231303939383461333661313135303535323735343631353761
3763613337313034620a346666343066613264613661333862613938366137636363626166353934
32333035396165623562656431663833623430653162353037316531643763316436343336343136
33616363646139326534303266316138633138653234613063386266303539623134636531356331
61313730303936656330306536386631656338306138306136383730646362636634303164663331
36323237373566373762636136333839363233393566366138326235303265356634333263656339
34363830646135643538346538303030373534623932656231346236613830306131613966626236
39323434623234623130383637646639633936623735353239626137313937656363363433323331
36623938326437313634313963613635353138653130353762653038633431393634633230363536
33366131303164343230303833313532323730303761326332356231393038666533636431333933
36633734636236383932343265303830646232376438656332356439386632376231323162663764
62346636366365326633383061633064373838336262613065396239616433316337333466626136
31316631376132333861303562663832396234363663613365393731316665613964303439646332
63643637383832373936
