$ANSIBLE_VAULT;1.1;AES256
62336134626635363136666231613664376333303337356337313262353266383037326365376136
6530303034336130306330626439633161353264306462390a633132363234666531303435653230
63336263323937656637663565383038366466623562613463663732303034356430383033636134
3131396337356539380a373937653065343337393161636434386364356162393931343261303762
39383036623532616236353461373736353739653837636634343133616633653437303761613664
61356362626335636538663464623930313838386437396536346266386636393939636639613864
37616337666232373339346339396633326138363766633636316363613361613732626362356134
35373932373730316138333135326461626630643933323363316565393339376464633762383532
34366537393335313466333561333366663933646537636662623932316262313433333930336539
37653065396235363061666164336634373139303039396331393430363339353930623562386365
66316265646239306434643636333034643735393935643561363331383837643138333734363837
66306636626637613935383030306634376632643362376465323166666332343532396430333333
37616566376364326239366136306566626164656663373166613239376234323235326539383566
36626132353164633235616535303963376462353036353133633136373035343236646139643539
36333564623162636165643962373536666663626364353863373364356637303263386565626135
34343162336134323933626231323264323263326634376435626364393138313939656661343337
37343733373137303639383535643465373839623563336566646564343163653566353061326336
63336339306363353437366162346333343138386264336338626432313963373337616237626266
66306231653566303836366462306534623766646435313034346661616233633635626432366435
64663837343333636433626331343263663062303964616536373233326138356462313336333163
38656437633864373436636136306334386465346636383131666535353633373635636635343262
36386639663731656562313337363561313238363966363633353035653034656238393033623464
38633765626364353066636431316664643232343839666361313635616233636365383363616234
61363230363563653139393839663661363139663130633337366266613761363865646534373631
31333630326166333161356662396434633130666338396563303061313866663739653034336136
65646466306235333836396535353835383330393538613538366133663461303866353031396537
31323062613533373131386439663261373163306234316135663061653932323639393039336136
32313032343762356236393765666335343735383536373137303961383836323339633061343635
37323936373438373232633331376332646236613937633839323631646635636363346164376230
34643561646336356633363365623937366633303737623262303866316636393634323061643734
65356330316235666562353136653666383466316364653431316261663138346438356433303134
64656237646332643938373931323138366265373139336135396461666565333264386662343930
64623465333735373962623238643862393561656362363739383239306661356364623532376264
32333265303033353465633831326361353136613533383338613764613566636662363833643736
34646633616534633761666263336630336639643861353362323061316461386138333032363165
64346236633931383439373364306233396630396339383265616632303039633937376435323136
36623237316431386562316138363561303936656162656337653962316362393833376237313335
32376466636533343232383134336236336465323331623338336463343737353537663334636330
31313734396231333339366162636136303635336433363035613162336635303538383963656331
38653862396264326336373065343864303639363465383136323465346666303662353537353832
37313630623166363232323635396562333636666536613064353163666235623233386561393536
38383439633531626464666664623766366430313166393966666636356564616237333564326365
32323561616361646566366232653766313263633630343431306333383039393232366438353930
31316338663064393263623131643134376438353766396461646335363138373831333265656334
61303866393061646237303666663531343239333863323737376136633232613435666633396561
34613537653237393836343732346634383666353062653466653962653535623935363037363332
353839626430396366383462666131353766
