$ANSIBLE_VAULT;1.1;AES256
33303537656261316338653861633366643831613230613339666230623866323766336266363130
3133653462616530383531313537346330616131333339630a386235626539313133656531623436
35616334383862613461636539323532623935646632306237636436333837343166386630396465
3439306432346439640a613235313833633466656134656232323536306330393862336230356362
66613737633533303030343938373632643863363639633834346536653163353562353731663333
33343633393134626537323565323832303535353539313933396633346161383565393339653339
34363239626365363463306237393764376163316239616665303834303064626634326130306462
66643063303037333463336632386164646234376133656465616162383531653236326164326530
37363239626534363234633038393337366330363833323335633964626537373565393263613965
63626133363337336531663634326266316130393838396630393561626439386564343230616631
36636131323166613839666337366339396335393937313237636363613764626661353566363233
66643833303634356362346531646436356232663139613638356362613933316335353238323130
63313932616531653432303366653163303264643530303739363533356536393361313934353537
32313338323035353931643361336662386330306164323533616635653465653835393463363737
62343465393265393631626232653562323432636362613138393561623034613065383430336139
30656665303933623533323639623932363434373566306666396337306631643533646262346638
35326166646137623536326333363061656561633737366136383735313239636362363835636664
65356332343133643539336264363266363666393066306635646266643236613462643364313061
35366639343831663339636164663834336465343530363830663337666131613638356431613538
37306263663031613136343363393436333938383632393434353539366633316265353736343736
38626434613931343337643262303238636634396365336133643830373933623535653365393937
66356365646131613161653237336139386633393162326461353639303964363563326337336566
38373563643134383938366539346533306630373436646535646632313265376538653937343033
65323638333362353739393761326662303833306564623862343536376335653836656165303832
39373431353035323762366638306536633764636465616561393261396537633432323434633732
39303231386237366666343935386337323535326465363264616139623464643133353061316530
64653537663834613131316136396633303330353362633832373635613738316666343231666366
38333530653065323331656139653361343735613062366235373739383435373935636436646630
39356334663532386235626133366535343661343434363730393632313535383565616634363531
3232353564626364666533646262336338383539396239373433
