$ANSIBLE_VAULT;1.1;AES256
35656634353031346130666266366366663139373431306566373732346237623764653861333166
6630393563633139393061636238626237386162363933310a353336373061663262313630643438
37313434376134386466353932353931306464356238633961393164373630616236663661313032
6236356166306331620a333339323037386533623431613838303936396166656262656161626232
37366361306461376536313134373236346337363364336435356136646335333232386435333839
64666139323834646166666232396236386333326561333135346232663963373535386263346366
30343664643666356661623334353235653765653437646539653835646364343265303630636139
31633566376432363337613839316365383836366662303330313263303432366535653830623537
66656538306361303837643837393233653734363935363534336561633333303637656265643461
63323036626462353862376632626133323131373639646436653564623837653166333164303465
35383731333733663530343965336366306165386165353230643237333333376234666230323666
39666137356335656432393138643961376233363134396135643030373735336336393664326362
64323836343365653434656238363663363461363137626462306163313263616161333839666638
3835656335356231323732363835383933366334303831656537
