$ANSIBLE_VAULT;1.1;AES256
39393830356436373036353534663261306364316638316461366539383330653937643862393364
6430663362643731373139653466646561326636653462380a623839363531396337313335626464
63313339326234316239333230393766333330386239643533396336363866626137393366353739
6463363164383865310a303030303535313836663165373262326332313630303564356362663633
63613162326232396238636435303630323839613532616563343634633532346562313332643535
39626132363936303761366565363166313733366663616666353837623532396465313762366163
30353865363938306138656165386533396463643532306330643563336538383633306664633037
35316666303636643961346130616662353533616339323866356636373761303533656362393331
34323961366631303264373436623363656239666539633763633739326434323135396537666636
34333339333733373136326230356137666234623562313433343335636565653061363566653966
37343331303761366533313066383736643630353830316361643739346130363333333237363564
31316433613763363232613633616339393737383931636638633561343237363132646634303865
66623338393238363462663238376139383862353763386439633734306264323036363939623935
64343166326661613062373064316537633036303862643234623361616564343831666333366432
38386339613734393933623530373539386661376262616638623139343734313033633230653166
30636138393836303535363938323931313866646165333562663931313230323161373335376266
36346439646561373864653333363036653030656136326439663632633463306133393762643963
61396432613665313432343534376638333938663936336565623830343263663965353364636430
61303565353038663233313864666534303331393661626564376238316439653632633563353935
34656532353732636366623930346536633636313636313837343064643631636266356163336264
61373861306532396530373561633564383134613332626533373264363238343564303130636662
64613036323264646234623835383063343230356236393933636463643031613731616538363162
30306162663137656462323037643834316633346633343932306665326134336366396162393833
62393966356232333262
