$ANSIBLE_VAULT;1.1;AES256
36366135626531366461636164316362306234643666396137623161356466323132623935653066
3630633634333736626136656134336261366137376261340a353934383062306432363431636231
64613263626665383935353736346530393331393036343139363137383938353635326633303037
6665383666636234640a666536396430383637396339623164306465643337626235616161393338
32396566613731646465373664646339343961313439396335326535636265643162643434383635
38306139643734613665316465306333633466393938303731306665663334336266306630333965
66376237646463663638303663633138316564326333396265663338366132336534613534323930
39306264666138356530666361373730656535663163316638343935646633636231303733656635
34306162343138616339396334323865306463373830633265316636366461326535383163373632
36613064326262316633313934633131343538613538303930613964316632316265356338623063
65306633333461356234363131623161383261373633313464643561663561383732333433636230
38636437343466363164393431383735376630373238623963353039313465616230663030303534
63646563623836366561393366343539666134636435633434656338646366393737643734653938
32303962666365663432613737313964613238373561356561386434333062313538363566336637
36663732636536633365626365613165306233343335613333303038356564306266323866636439
64663731626364333932333964376134636430653930396264353433386334393333393864306262
31633530393637383733393134303462613062306135383933306237653462343934653238633162
64616339316336353964613065663738643330646362626338363764396334376331656137663434
64643838656132386136663364366232366237386438613139303966626638303861363266633338
65326539663739613632656263383263376333636435313665356136343435306631363335333761
32386139343864663863373863636633393466653864663038333130376530663132376338646336
64623364366438343432616436373033613836643032303034653632353963386630613565323563
39636638623930623166656438643166343433356130646532366333663165613865613739653062
31396431343238666233343663313330336233343437386632626137653936363832653630613361
39373832356565363134633433303136613032663436643234633735373837386530616339643561
63656364323832303735303163323430303738663234663063386338343132303432326364303236
30383137323137613033356538633565636133663866353165373532643461616233316131396462
64643931326662313534373539356538303932656533656134613737633466393439653731653435
34633134313337343132313962313438383734383462343461393763333935353462306237343631
37633732383635373938373164643230303861336234316131376232663739343631396330353263
31313438366434346165346636316630646139356135363463386633333066383064306431656635
30636634656533656530643833373734356137303731633862333535373337363039346266376266
64376539303162333534313863306633393436383562343437616433303963373064633030383863
32336631313862643866393538666239663662653938373332663461356539633566353562356361
65353863363761356166396237316235666632323137666532366131356463393939643637336563
63343264373162383830623134643561356361383662396133323331333136303662326435396534
36653962643539656561643462663962393936393236646539613332353730343937636637306461
62666134356661376337663034346538393237613363323933323630633135656336646639316363
37616239393865383463653631353334326438366138356564333137393138613335313531393339
33346236633633383132626261396439316363643266353335336563343066396136326231353134
38646561396633386233663263376331386532346236336266343734383461336139383132383463
31303632303266656266393239313934613563313833353132333364393061643430376332656633
61303833653662666266393333393563363535316265656531666230313634323363313462343866
33633264636438326132656536633937646136643965333137623230386562326162626539323064
64343466373539646239373432363631313432303635313363356263623861623965306362646266
36643439343665386365663238633465616664363136333034303061383935303263636362643433
37646633353231343834663531613666393737373334303834616630306331633137333935393036
30363337666636363135316264613836633637323337333563306632656530666162613534643238
66643164313964373236653230623961396563386531646633303231656531623231633236613538
62393737393031626365623537346332666637643963383964363738643363343331643763646432
35666138396633353336363338663066646361643836666666386136613038643737663462653635
37663831323963386265646666303433313265376135633830333062376561313062396566333631
66343236396131326438386230613336306237613465313764656661363764653930
