$ANSIBLE_VAULT;1.1;AES256
39386634336565396364316464313033643064313232373136336163383937303133376239366261
3739393065623035363236633030656166653034313766630a663737323137333838336466666335
38653739336165616138656162393739323765366437666138363664376665663264356639386336
3931306561343265610a353337366535663139336561653430316633653131376331616332353334
35366138303936326363636433646362366666316232336338353064316430353663356464343231
30346239393864313135313436633035623564336365336431366632333935626532363634313137
30336533386538373561326663653736623437363731383637666337623363393864353733316138
35393232313932343731336234636565383263303131353234646430313435373862353636323836
36626232303439353330656234643132626538363462363435333532333832376664353535313739
66613534306461303630646632666331386430653364316663346533353432666538326364376636
37336437333231623861376432316263383133353238653635343736363631623963666131623063
34373464633233623232643861346638326364393933343633633837663361376537373037656235
34326566383239646166303438313063623634346331366633373738333663643734656366653864
31656636633030633032303334343931323138346361626663326430313138333938643832383231
30633464623538643339343533336365613464363635383234636565643937313966386336613465
61653265663863616534363161623035313338383965353263373764353534383031666638623935
37336535373130343430303636613234356436316563633035653562653964383166383937656665
35363930336236323764333963653330376465636632653763353963653462643831313531393836
37376563623139383937646131313561356633373533386261633365346262383838313262663338
33663030326666383636383561633965373837666133663138653130623762636133356466636638
63336439373135393866643965376565653765373433623530393635356463333936383562333635
39363261633835333631653430613066616365666133393533393562336639353365386338306464
30323039613065383063636231626662663135623563306566623364643864386566376337306561
37303135623833373639353439663233653961636362326663346531643436323564386334303963
62653565623236643938666265613333363466323332363335343735313130393738343562646264
31316437363436316262383134616533613565373733373463316138346639653863616665633134
61626132616636353966336538663935376130313931613535376637383065633435643135303032
35666333653335323236
